100
1 9 8 8 7 7 7 7 7 6 6 6 6 6 6 6 6 6 6 6 6 6 6 6 6 6 6 6 6 6 6 6 6 6 6 6 6 6 6 6 6 6 6 6 6 6 6 6 6 6 6 6 6 6 5 5 5 5 5 5 5 5 5 5 5 5 5 5 5 5 5 5 5 5 5 6 6 6 6 6 6 6 6 6 6 6 6 6 6 6 6 6 6 6 6 6 6 6 6 6 
9 1 9 8 8 7 7 7 7 6 6 6 6 6 6 6 6 6 6 6 6 6 6 6 6 6 6 6 6 6 6 6 6 6 6 6 6 6 6 6 6 6 6 6 6 6 6 6 6 6 6 6 6 5 5 5 5 5 5 5 5 5 5 5 5 5 5 5 5 5 5 5 5 5 5 5 6 6 6 6 6 6 6 6 6 6 6 6 6 6 6 6 6 6 6 6 6 6 6 7 
8 9 1 9 8 8 7 7 7 7 6 6 6 6 6 6 6 6 6 6 6 6 6 6 6 6 6 6 6 6 6 6 6 6 6 6 6 6 6 6 6 6 6 6 6 6 6 6 6 6 6 6 5 5 5 5 5 5 5 5 5 5 5 5 5 5 5 5 5 5 5 5 5 5 5 5 5 5 6 6 6 6 6 6 6 6 6 6 6 6 6 6 6 6 6 6 6 6 7 8 
8 8 9 1 9 8 8 7 7 7 7 6 6 6 6 6 6 6 6 6 6 6 6 6 6 6 6 6 6 6 6 6 6 6 6 6 6 6 6 6 6 6 6 6 6 6 6 6 6 6 6 5 5 5 5 5 5 5 5 5 5 5 5 5 5 5 5 5 5 5 5 5 5 5 5 5 5 5 5 6 6 6 6 6 6 6 6 6 6 6 6 6 6 6 6 6 6 7 8 8 
7 8 8 9 1 9 8 8 7 7 7 7 6 6 6 6 6 6 6 6 6 6 6 6 6 6 6 6 6 6 6 6 6 6 6 6 6 6 6 6 6 6 6 6 6 6 6 6 6 6 5 5 5 5 5 5 5 5 5 5 5 5 5 5 5 5 5 5 5 5 5 5 5 5 5 5 5 5 5 5 6 6 6 6 6 6 6 6 6 6 6 6 6 6 6 6 7 8 9 7 
7 7 8 8 9 1 9 8 8 7 7 7 6 6 6 6 6 6 6 6 6 6 6 6 6 6 6 6 6 6 6 6 6 6 6 6 6 6 6 6 6 6 6 6 6 6 6 6 5 5 5 5 5 5 5 5 5 5 5 5 5 5 5 5 5 5 5 5 5 5 5 5 5 5 5 5 5 5 5 5 5 6 6 6 6 6 6 6 6 6 6 6 6 6 6 7 8 10 7 7 
7 7 7 8 8 9 1 9 8 8 7 7 7 6 6 6 6 6 6 6 6 6 6 6 6 6 6 6 6 6 6 6 6 6 6 6 6 6 6 6 6 6 6 6 6 6 6 5 5 5 5 5 5 5 5 5 5 5 5 5 5 5 5 5 5 5 5 5 5 5 5 5 5 5 5 5 5 5 5 5 5 5 6 6 6 6 6 6 6 6 6 6 6 6 7 8 11 7 7 8 
7 7 7 7 8 8 9 1 9 8 7 7 7 7 6 6 6 6 6 6 6 6 6 6 6 6 6 6 6 6 6 6 6 6 6 6 6 6 6 6 6 6 6 6 6 6 5 5 5 5 5 5 5 5 5 5 5 5 5 5 5 5 5 5 5 5 5 5 5 5 5 5 5 5 5 5 5 5 5 5 5 5 5 6 6 6 6 6 6 6 6 6 6 7 8 12 7 7 7 8 
7 7 7 7 7 8 8 9 1 9 8 7 7 7 7 6 6 6 6 6 6 6 6 6 6 6 6 6 6 6 6 6 6 6 6 6 6 6 6 6 6 6 6 6 6 5 5 5 5 5 5 5 5 5 5 5 5 5 5 5 5 5 5 5 5 5 5 5 5 5 5 5 5 5 5 5 5 5 5 5 5 5 5 5 6 6 6 6 6 6 6 6 7 8 13 7 7 7 7 8 
6 6 7 7 7 7 8 8 9 1 9 8 7 7 7 7 6 6 6 6 6 6 6 6 6 6 6 6 6 6 6 6 6 6 6 6 6 6 6 6 6 6 6 6 5 5 5 5 5 5 5 5 5 5 5 5 5 5 5 5 5 5 5 5 5 5 5 5 5 5 5 5 5 5 5 5 5 5 5 5 5 5 5 5 5 6 6 6 6 6 6 7 8 11 7 7 7 7 7 8 
6 6 6 7 7 7 7 7 8 9 1 9 8 7 7 7 6 6 6 6 6 6 6 6 6 6 6 6 6 6 6 6 6 6 6 6 6 6 6 6 6 6 6 5 5 5 5 5 5 5 5 5 5 5 5 5 5 5 5 5 5 5 5 5 5 5 5 5 5 5 5 5 5 5 5 5 5 5 5 5 5 5 5 5 5 6 6 6 6 6 7 8 10 7 7 7 7 7 7 8 
6 6 6 6 7 7 7 7 7 8 9 1 9 8 7 7 7 6 6 6 6 6 6 6 6 6 6 6 6 6 6 6 6 6 6 6 6 6 6 6 6 6 5 5 5 5 5 5 5 5 5 5 5 5 5 5 5 5 5 5 5 5 5 5 5 5 5 5 5 5 5 5 5 5 5 5 5 5 5 5 5 5 5 5 5 5 6 6 6 7 8 9 7 7 7 7 7 7 7 7 
6 6 6 6 6 6 7 7 7 7 8 9 1 9 8 7 7 7 6 6 6 6 6 6 6 6 6 6 6 6 6 6 6 6 6 6 6 6 6 6 6 5 5 5 5 5 5 5 5 5 5 5 5 5 5 5 5 5 5 5 5 5 5 5 5 5 5 5 5 5 5 5 5 5 5 5 5 5 5 5 5 5 5 5 5 6 6 6 7 8 8 7 7 7 7 7 7 7 7 7 
6 6 6 6 6 6 6 7 7 7 7 8 9 1 9 8 7 7 7 6 6 6 6 6 6 6 6 6 6 6 6 6 6 6 6 6 6 6 6 6 5 5 5 5 5 5 5 5 5 5 5 5 5 5 5 5 5 5 5 5 5 5 5 5 5 5 5 5 5 5 5 5 5 5 5 5 5 5 5 5 5 5 5 5 5 6 6 7 8 9 7 7 7 7 7 7 7 7 7 7 
6 6 6 6 6 6 6 6 7 7 7 7 8 9 1 9 8 7 7 7 6 6 6 6 6 6 6 6 6 6 6 6 6 6 6 6 6 6 6 5 5 5 5 5 5 5 5 5 5 5 5 5 5 5 5 5 5 5 5 5 5 5 5 5 5 5 5 5 5 5 5 5 5 5 5 5 5 5 5 5 5 5 5 5 6 6 7 8 12 7 7 7 7 7 7 7 7 7 7 7 
6 6 6 6 6 6 6 6 6 7 7 7 7 8 9 1 9 8 7 7 7 6 6 6 6 6 6 6 6 6 6 6 6 6 6 6 6 6 5 5 5 5 5 5 5 5 5 5 5 5 5 5 5 5 5 5 5 5 5 5 5 5 5 5 5 5 5 5 5 5 5 5 5 5 5 5 5 5 5 5 5 5 5 6 6 7 8 9 7 7 7 7 7 7 7 7 7 7 7 7 
6 6 6 6 6 6 6 6 6 6 6 7 7 7 8 9 1 9 8 7 7 7 6 6 6 6 6 6 6 6 6 6 6 6 6 6 6 5 5 5 5 5 5 5 5 5 5 5 5 5 5 5 5 5 5 5 5 5 5 5 5 5 5 5 5 5 5 5 5 5 5 5 5 5 5 5 5 5 5 5 5 5 6 6 7 8 9 7 7 7 7 7 7 7 7 7 7 7 7 7 
6 6 6 6 6 6 6 6 6 6 6 6 7 7 7 8 9 1 9 8 7 7 6 6 6 6 6 6 6 6 6 6 6 6 6 6 5 5 5 5 5 5 5 5 5 5 5 5 5 5 5 5 5 5 5 5 5 5 5 5 5 5 5 5 5 5 5 5 5 5 5 5 5 5 5 5 5 5 5 5 5 5 6 7 8 9 7 7 7 7 7 7 7 7 7 7 7 7 7 7 
6 6 6 6 6 6 6 6 6 6 6 6 6 7 7 7 8 9 1 9 8 7 7 6 6 6 6 6 6 6 6 6 6 6 6 5 5 5 5 5 5 5 5 5 5 5 5 5 5 5 5 5 5 5 5 5 5 5 5 5 5 5 5 5 5 5 5 5 5 5 5 5 5 5 5 5 5 5 5 5 5 6 7 8 12 7 7 7 7 7 7 7 7 7 7 7 7 7 7 7 
6 6 6 6 6 6 6 6 6 6 6 6 6 6 7 7 7 8 9 1 9 8 7 7 6 6 6 6 6 6 6 6 6 6 5 5 5 5 5 5 5 5 5 5 5 5 5 5 5 5 5 5 5 5 5 5 5 5 5 5 5 5 5 5 5 5 5 5 5 5 5 5 5 5 5 5 5 5 5 5 6 7 8 8 7 7 7 7 7 7 7 7 7 7 7 7 7 7 7 7 
6 6 6 6 6 6 6 6 6 6 6 6 6 6 6 7 7 7 8 9 1 9 8 7 7 6 6 6 6 6 6 6 6 6 5 5 5 5 5 5 5 5 5 5 5 5 5 5 5 5 5 5 5 5 5 5 5 5 5 5 5 5 5 5 5 5 5 5 5 5 5 5 5 5 5 5 5 5 5 6 7 8 10 7 7 7 7 7 7 7 7 7 7 7 7 7 7 7 7 7 
6 6 6 6 6 6 6 6 6 6 6 6 6 6 6 6 7 7 7 8 9 1 9 8 7 7 6 6 6 6 6 6 6 5 5 5 5 5 5 5 5 5 5 5 5 5 5 5 5 5 5 5 5 5 5 5 4 4 4 4 4 5 5 5 5 5 5 5 5 5 5 5 5 5 5 5 5 5 6 7 8 14 7 6 7 7 7 7 7 7 7 7 7 7 7 7 7 7 7 7 
6 6 6 6 6 6 6 6 6 6 6 6 6 6 6 6 6 6 7 7 8 9 1 9 8 7 7 6 6 6 6 6 6 5 5 5 5 5 5 5 5 5 5 5 5 5 5 5 5 5 5 5 5 5 4 4 4 4 4 4 4 4 4 5 5 5 5 5 5 5 5 5 5 5 5 5 5 6 7 8 10 7 6 7 7 7 7 7 7 7 7 7 7 7 7 7 7 7 7 7 
6 6 6 6 6 6 6 6 6 6 6 6 6 6 6 6 6 6 6 7 7 8 9 1 9 8 7 7 6 6 6 6 6 5 5 5 5 5 5 5 5 5 5 5 5 5 5 5 5 5 5 5 5 4 4 4 4 4 4 4 4 4 4 4 5 5 5 5 5 5 5 5 5 5 5 5 6 7 8 8 8 6 7 7 7 7 7 7 7 7 7 7 7 7 7 7 7 7 7 7 
6 6 6 6 6 6 6 6 6 6 6 6 6 6 6 6 6 6 6 6 7 7 8 9 1 9 8 7 7 6 6 6 6 5 5 5 5 5 5 5 5 5 5 5 5 5 5 5 5 5 5 5 4 4 4 4 4 4 4 4 4 4 4 4 4 5 5 5 5 5 5 5 5 5 5 6 7 8 8 10 6 7 7 7 7 7 7 7 7 7 7 7 7 7 7 7 7 7 7 7 
6 6 6 6 6 6 6 6 6 6 6 6 6 6 6 6 6 6 6 6 6 7 7 8 9 1 9 8 7 7 6 6 6 6 5 5 5 5 5 5 5 5 5 5 5 5 5 5 5 5 5 4 4 4 4 4 4 4 4 4 4 4 4 4 4 4 5 5 5 5 5 5 5 5 6 7 8 9 9 6 7 7 7 7 7 7 7 7 7 7 7 7 7 7 7 7 7 7 7 7 
6 6 6 6 6 6 6 6 6 6 6 6 6 6 6 6 6 6 6 6 6 6 7 7 8 9 1 9 8 7 6 6 6 6 6 5 5 5 5 5 5 5 5 5 5 5 5 5 5 5 4 4 4 4 4 4 4 4 4 4 4 4 4 4 4 4 4 5 5 5 5 5 5 6 7 8 10 7 6 7 7 7 7 7 7 7 7 7 7 7 7 7 7 7 7 7 7 7 7 7 
6 6 6 6 6 6 6 6 6 6 6 6 6 6 6 6 6 6 6 6 6 6 6 7 7 8 9 1 8 7 7 6 6 6 6 5 5 5 5 5 5 5 5 5 5 5 5 5 5 4 4 4 4 4 4 4 4 4 4 4 4 4 4 4 4 4 4 5 5 5 5 5 6 7 8 11 7 6 6 7 7 7 7 7 7 7 7 7 7 7 7 7 7 7 7 7 7 7 7 7 
6 6 6 6 6 6 6 6 6 6 6 6 6 6 6 6 6 6 6 6 6 6 6 6 7 7 8 8 1 8 7 7 6 6 6 6 5 5 5 5 5 5 5 5 5 5 5 5 4 4 4 4 4 4 4 4 4 4 4 4 4 4 4 4 4 4 4 5 5 5 5 6 7 8 14 7 6 6 7 7 7 7 7 7 7 7 7 7 7 7 7 7 7 7 7 7 7 7 7 7 
6 6 6 6 6 6 6 6 6 6 6 6 6 6 6 6 6 6 6 6 6 6 6 6 6 7 7 7 8 1 8 7 7 6 6 6 6 5 5 5 5 5 5 5 5 5 5 4 4 4 4 4 4 4 4 4 4 4 4 4 4 4 4 4 4 4 5 5 5 5 6 7 8 11 7 6 6 6 7 7 7 7 7 7 7 7 7 7 7 7 7 7 7 7 7 7 7 7 7 7 
6 6 6 6 6 6 6 6 6 6 6 6 6 6 6 6 6 6 6 6 6 6 6 6 6 6 6 7 7 8 1 8 7 7 6 6 6 5 5 5 5 5 5 5 5 5 4 4 4 4 4 4 4 4 4 4 4 4 4 4 4 4 4 4 4 4 5 5 5 6 7 8 10 10 6 6 6 7 7 7 7 7 7 7 7 7 7 7 7 7 7 7 7 7 7 7 7 7 7 7 
6 6 6 6 6 6 6 6 6 6 6 6 6 6 6 6 6 6 6 6 6 6 6 6 6 6 6 6 7 7 8 1 8 7 7 6 6 6 5 5 5 5 5 5 5 4 4 4 4 4 4 4 4 4 4 3 4 4 4 4 4 4 4 4 4 5 5 5 6 7 8 8 8 6 6 6 6 7 7 7 7 7 7 7 7 7 7 7 7 7 7 7 7 7 7 7 7 7 7 7 
6 6 6 6 6 6 6 6 6 6 6 6 6 6 6 6 6 6 6 6 6 6 6 6 6 6 6 6 6 7 7 8 1 8 7 7 6 6 6 5 5 5 5 5 5 4 4 4 4 4 4 4 4 4 3 3 3 3 4 4 4 4 4 4 5 5 5 6 7 8 8 7 6 6 6 6 6 6 7 7 7 7 7 7 7 7 7 7 7 7 7 7 7 7 7 7 7 7 7 7 
6 6 6 6 6 6 6 6 6 6 6 6 6 6 6 6 6 6 6 6 6 5 5 5 5 6 6 6 6 6 7 7 8 1 8 7 7 6 6 6 5 5 5 5 5 4 4 4 4 4 4 4 4 3 3 3 3 3 4 4 4 4 4 5 5 5 6 7 8 10 7 6 6 6 6 6 6 6 7 7 7 7 7 7 7 7 7 7 7 7 7 7 7 7 7 7 7 7 7 7 
6 6 6 6 6 6 6 6 6 6 6 6 6 6 6 6 6 6 6 5 5 5 5 5 5 5 6 6 6 6 6 7 7 8 1 8 7 7 6 6 6 5 5 5 5 5 4 4 4 4 4 4 3 3 3 3 3 3 4 4 4 4 5 5 5 6 7 8 8 10 7 5 6 6 6 6 6 6 6 7 7 7 7 7 7 7 7 7 7 7 7 7 7 7 7 7 7 7 7 7 
6 6 6 6 6 6 6 6 6 6 6 6 6 6 6 6 6 6 5 5 5 5 5 5 5 5 5 5 6 6 6 6 7 7 8 1 8 7 7 6 6 6 5 5 5 5 4 4 4 4 4 4 3 3 3 3 3 4 4 4 4 5 5 5 6 7 8 12 7 7 5 6 6 6 6 6 6 6 6 6 7 7 7 7 7 7 7 7 7 7 7 7 7 7 7 7 7 7 7 7 
6 6 6 6 6 6 6 6 6 6 6 6 6 6 6 6 6 5 5 5 5 5 5 5 5 5 5 5 5 6 6 6 6 7 7 8 1 8 7 7 6 6 5 5 5 5 5 4 4 4 4 4 3 3 3 3 4 4 4 4 5 5 5 6 7 8 11 7 7 5 6 6 6 6 6 6 6 6 6 6 6 7 7 7 7 7 7 7 7 7 7 7 7 7 7 7 7 7 7 7 
6 6 6 6 6 6 6 6 6 6 6 6 6 6 6 6 5 5 5 5 5 5 5 5 5 5 5 5 5 5 5 6 6 6 7 7 8 1 8 7 6 6 6 5 5 5 5 5 4 4 4 4 4 3 3 4 4 4 4 5 5 5 6 7 8 8 7 6 5 6 6 6 6 6 6 6 6 6 6 6 6 6 7 7 7 7 7 7 7 7 7 7 7 7 7 7 7 7 7 7 
6 6 6 6 6 6 6 6 6 6 6 6 6 6 6 5 5 5 5 5 5 5 5 5 5 5 5 5 5 5 5 5 6 6 6 7 7 8 1 8 7 6 6 6 5 5 5 5 5 4 4 4 4 4 4 4 4 4 5 5 5 6 7 8 10 8 6 6 5 6 6 6 6 6 6 6 6 6 6 6 6 6 6 7 7 7 7 7 7 7 7 7 7 7 7 7 7 7 7 7 
6 6 6 6 6 6 6 6 6 6 6 6 6 6 5 5 5 5 5 5 5 5 5 5 5 5 5 5 5 5 5 5 5 6 6 6 7 7 8 1 8 7 6 6 6 5 5 5 5 4 4 4 4 4 4 4 4 5 5 5 6 7 8 11 10 7 6 5 6 6 6 6 6 6 6 6 6 6 6 6 6 6 6 6 6 7 7 7 7 7 7 7 7 7 7 7 7 7 7 7 
6 6 6 6 6 6 6 6 6 6 6 6 6 5 5 5 5 5 5 5 5 5 5 5 5 5 5 5 5 5 5 5 5 5 6 6 6 6 7 8 1 8 7 6 6 6 5 5 5 5 4 4 4 4 4 4 5 5 5 6 7 8 8 10 7 6 5 5 6 6 6 6 6 6 6 6 6 6 6 6 6 6 6 6 6 6 7 7 7 7 7 7 7 7 7 7 7 7 7 7 
6 6 6 6 6 6 6 6 6 6 6 6 5 5 5 5 5 5 5 5 5 5 5 5 5 5 5 5 5 5 5 5 5 5 5 6 6 6 6 7 8 1 8 7 6 6 6 5 5 5 5 5 4 4 4 5 5 5 6 7 8 12 8 7 5 5 5 6 6 6 6 6 6 6 6 6 6 6 6 6 6 6 6 6 6 6 6 6 7 7 7 7 7 7 7 7 7 7 7 7 
6 6 6 6 6 6 6 6 6 6 6 5 5 5 5 5 5 5 5 5 5 5 5 5 5 5 5 5 5 5 5 5 5 5 5 5 5 6 6 6 7 8 1 8 7 6 6 6 5 5 5 5 5 5 5 5 5 6 7 8 8 7 6 6 5 5 5 6 6 6 6 6 6 6 6 6 6 6 6 6 6 6 6 6 6 6 6 6 6 7 7 7 7 7 7 7 7 7 7 7 
6 6 6 6 6 6 6 6 6 6 5 5 5 5 5 5 5 5 5 5 5 5 5 5 5 5 5 5 5 5 5 5 5 5 5 5 5 5 6 6 6 7 8 1 8 7 6 6 6 5 5 5 5 5 5 5 6 7 8 11 7 8 7 5 5 5 5 6 6 6 6 6 6 6 6 6 6 6 6 6 6 6 6 6 6 6 6 6 6 6 6 7 7 7 7 7 7 7 7 7 
6 6 6 6 6 6 6 6 6 5 5 5 5 5 5 5 5 5 5 5 5 5 5 5 5 5 5 5 5 5 5 5 5 5 5 5 5 5 5 6 6 6 7 8 1 8 7 6 6 6 5 5 5 5 5 6 7 8 9 7 9 12 5 5 5 5 5 6 6 6 6 6 6 6 6 6 6 6 6 6 6 6 6 6 6 6 6 6 6 6 6 6 6 7 7 7 7 7 7 7 
6 6 6 6 6 6 6 6 5 5 5 5 5 5 5 5 5 5 5 5 5 5 5 5 5 5 5 5 5 5 5 4 4 4 5 5 5 5 5 5 6 6 6 7 8 1 8 7 6 6 6 6 6 6 6 7 8 10 8 6 6 6 5 5 5 5 5 5 6 6 6 6 6 6 6 6 6 6 6 6 6 6 6 6 6 6 6 6 6 6 6 6 6 6 6 6 7 7 7 7 
6 6 6 6 6 6 6 5 5 5 5 5 5 5 5 5 5 5 5 5 5 5 5 5 5 5 5 5 5 5 4 4 4 4 4 4 5 5 5 5 5 6 6 6 7 8 1 8 7 6 6 6 6 6 7 8 9 8 7 6 6 5 4 5 5 5 5 5 5 6 6 6 6 6 6 6 6 6 6 6 6 6 6 6 6 6 6 6 6 6 6 6 6 6 6 6 6 6 7 7 
6 6 6 6 6 6 5 5 5 5 5 5 5 5 5 5 5 5 5 5 5 5 5 5 5 5 5 5 5 4 4 4 4 4 4 4 4 5 5 5 5 5 6 6 6 7 8 1 8 7 7 6 6 7 8 8 7 7 5 6 5 4 5 5 5 5 5 5 5 5 6 6 6 6 6 6 6 6 6 6 6 6 6 6 6 6 6 6 6 6 6 6 6 6 6 6 6 6 6 6 
6 6 6 6 6 5 5 5 5 5 5 5 5 5 5 5 5 5 5 5 5 5 5 5 5 5 5 5 4 4 4 4 4 4 4 4 4 4 5 5 5 5 5 6 6 6 7 8 1 8 7 7 7 8 9 7 7 9 5 5 5 4 5 5 5 5 5 5 5 5 5 6 6 6 6 6 6 6 6 6 6 6 6 6 6 6 6 6 6 6 6 6 6 6 6 6 6 6 6 6 
6 6 6 6 6 5 5 5 5 5 5 5 5 5 5 5 5 5 5 5 5 5 5 5 5 5 5 4 4 4 4 4 4 4 4 4 4 4 4 4 5 5 5 5 6 6 6 7 8 1 9 8 9 10 7 6 6 6 5 5 4 4 5 5 5 5 5 5 5 5 5 5 5 6 6 6 6 6 6 6 6 6 6 6 6 6 6 6 6 6 6 6 6 6 6 6 6 6 6 6 
6 6 6 6 5 5 5 5 5 5 5 5 5 5 5 5 5 5 5 5 5 5 5 5 5 5 4 4 4 4 4 4 4 4 4 4 4 4 4 4 4 5 5 5 5 6 6 7 7 9 1 11 11 8 7 6 6 7 4 4 4 4 4 5 5 5 5 5 5 5 5 5 5 5 5 6 6 6 6 6 6 6 6 6 6 6 6 6 6 6 6 6 6 6 6 6 6 6 6 6 
6 6 6 5 5 5 5 5 5 5 5 5 5 5 5 5 5 5 5 5 5 5 5 5 5 4 4 4 4 4 4 4 4 4 4 4 4 4 4 4 4 5 5 5 5 6 6 6 7 8 11 1 10 8 6 5 5 6 4 4 4 4 4 5 5 5 5 5 5 5 5 5 5 5 5 5 5 5 6 6 6 6 6 6 6 6 6 6 6 6 6 6 6 6 6 6 6 6 6 6 
6 6 5 5 5 5 5 5 5 5 5 5 5 5 5 5 5 5 5 5 5 5 5 5 4 4 4 4 4 4 4 4 4 4 3 3 3 4 4 4 4 4 5 5 5 6 6 6 7 9 11 10 1 8 6 5 10 5 4 4 4 4 4 4 5 5 5 5 5 5 5 5 5 5 5 5 5 5 5 5 5 6 6 6 6 6 6 6 6 6 6 6 6 6 6 6 6 6 6 6 
6 5 5 5 5 5 5 5 5 5 5 5 5 5 5 5 5 5 5 5 5 5 5 4 4 4 4 4 4 4 4 4 4 3 3 3 3 3 4 4 4 4 5 5 5 6 6 7 8 10 8 8 8 1 6 4 6 5 4 3 3 4 4 4 4 4 5 5 5 5 5 5 5 5 5 5 5 5 5 5 5 5 5 5 5 6 6 6 6 6 6 6 6 6 6 6 6 6 6 6 
5 5 5 5 5 5 5 5 5 5 5 5 5 5 5 5 5 5 5 5 5 5 4 4 4 4 4 4 4 4 4 4 3 3 3 3 3 3 4 4 4 4 5 5 5 6 7 8 9 7 7 6 6 6 1 8 4 4 3 3 3 3 4 4 4 4 4 4 4 4 5 5 5 5 5 5 5 5 5 5 5 5 5 5 5 5 5 5 5 5 5 5 6 6 6 6 6 6 6 6 
5 5 5 5 5 5 5 5 5 5 5 5 5 5 5 5 5 5 5 5 5 5 4 4 4 4 4 4 4 4 4 3 3 3 3 3 3 4 4 4 4 5 5 5 6 7 8 8 7 6 6 5 5 4 8 1 5 4 4 3 3 3 3 4 4 4 4 4 4 4 4 4 4 5 5 5 5 5 5 5 5 5 5 5 5 5 5 5 5 5 5 5 5 5 5 5 6 6 6 6 
5 5 5 5 5 5 5 5 5 5 5 5 5 5 5 5 5 5 5 5 5 4 4 4 4 4 4 4 4 4 4 4 3 3 3 3 4 4 4 4 5 5 5 6 7 8 9 7 7 6 6 5 10 6 4 5 1 6 5 4 3 4 4 4 4 4 4 4 4 4 4 4 5 5 5 5 5 5 5 5 5 5 5 5 5 5 5 5 5 5 5 5 5 6 6 6 6 6 6 6 
5 5 5 5 5 5 5 5 5 5 5 5 5 5 5 5 5 5 5 5 5 4 4 4 4 4 4 4 4 4 4 4 3 3 3 4 4 4 4 5 5 5 6 7 8 10 8 7 9 6 7 6 5 5 4 4 6 1 6 4 3 4 4 4 4 4 4 4 5 5 5 5 5 5 5 5 5 5 5 5 5 5 5 5 5 5 5 5 5 5 5 5 5 6 6 6 6 6 6 6 
5 5 5 5 5 5 5 5 5 5 5 5 5 5 5 5 5 5 5 5 5 4 4 4 4 4 4 4 4 4 4 4 4 4 4 4 4 4 5 5 5 6 7 8 9 8 7 5 5 5 4 4 4 4 3 4 5 6 1 5 4 4 5 5 5 4 4 4 5 5 5 5 5 5 5 5 5 5 5 5 5 5 5 5 5 5 5 5 5 5 5 5 5 6 6 6 6 6 6 6 
5 5 5 5 5 5 5 5 5 5 5 5 5 5 5 5 5 5 5 5 5 4 4 4 4 4 4 4 4 4 4 4 4 4 4 4 4 5 5 5 6 7 8 11 7 6 6 6 5 5 4 4 4 3 3 3 4 4 5 1 5 4 5 5 5 5 5 4 4 5 5 5 5 5 5 5 5 5 5 5 5 5 5 5 5 6 6 6 6 6 6 6 6 6 6 6 6 6 6 6 
5 5 5 5 5 5 5 5 5 5 5 5 5 5 5 5 5 5 5 5 5 4 4 4 4 4 4 4 4 4 4 4 4 4 4 4 5 5 5 6 7 8 8 7 9 6 6 5 5 4 4 4 4 3 3 3 3 3 4 5 1 4 6 7 7 6 6 5 5 5 5 5 5 6 6 6 6 5 5 5 5 5 5 5 5 6 6 6 6 6 6 6 6 6 6 6 6 6 6 6 
5 5 5 5 5 5 5 5 5 5 5 5 5 5 5 5 5 5 5 5 5 5 4 4 4 4 4 4 4 4 4 4 4 4 4 5 5 5 6 7 8 12 7 8 12 6 5 4 4 4 4 4 4 4 3 3 4 4 4 4 4 1 6 6 7 8 11 7 6 5 5 5 5 6 6 6 6 6 6 6 6 5 5 5 5 5 6 6 6 6 6 6 6 6 6 6 6 6 6 6 
5 5 5 5 5 5 5 5 5 5 5 5 5 5 5 5 5 5 5 5 5 5 4 4 4 4 4 4 4 4 4 4 4 4 5 5 5 6 7 8 8 8 6 7 5 5 4 5 5 5 4 4 4 4 4 3 4 4 5 5 6 6 1 4 5 5 5 6 7 11 6 5 5 6 6 6 6 6 6 6 6 6 6 6 5 5 5 5 6 6 6 6 6 6 6 6 6 6 6 6 
5 5 5 5 5 5 5 5 5 5 5 5 5 5 5 5 5 5 5 5 5 5 5 4 4 4 4 4 4 4 4 4 4 5 5 5 6 7 8 11 10 7 6 5 5 5 5 5 5 5 5 5 4 4 4 4 4 4 5 5 7 6 4 1 5 5 5 5 5 5 6 8 6 5 6 7 7 7 7 7 7 7 7 6 6 6 6 6 6 6 6 6 6 6 6 6 6 6 6 6 
5 5 5 5 5 5 5 5 5 5 5 5 5 5 5 5 5 5 5 5 5 5 5 5 4 4 4 4 4 4 4 4 5 5 5 6 7 8 10 10 7 5 5 5 5 5 5 5 5 5 5 5 5 4 4 4 4 4 5 5 7 7 5 5 1 6 5 5 5 6 6 6 5 5 5 9 11 12 11 10 9 8 8 7 7 7 6 6 6 6 6 6 6 6 6 6 6 6 6 7 
5 5 5 5 5 5 5 5 5 5 5 5 5 5 5 5 5 5 5 5 5 5 5 5 5 4 4 4 4 4 4 5 5 5 6 7 8 8 8 7 6 5 5 5 5 5 5 5 5 5 5 5 5 4 4 4 4 4 4 5 6 8 5 5 6 1 7 5 5 5 6 6 6 7 9 6 5 6 6 7 7 8 9 10 10 9 8 7 7 6 6 6 6 6 6 6 6 7 7 7 
5 5 5 5 5 5 5 5 5 5 5 5 5 5 5 5 5 5 5 5 5 5 5 5 5 5 4 4 4 5 5 5 5 6 7 8 11 7 6 6 5 5 5 5 5 5 5 5 5 5 5 5 5 5 4 4 4 4 4 5 6 11 5 5 5 7 1 7 6 5 5 5 6 7 8 9 6 7 7 5 6 5 6 6 7 8 8 11 9 8 7 7 6 6 6 6 6 7 7 7 
5 5 5 5 5 5 5 5 5 5 5 5 5 5 5 5 5 5 5 5 5 5 5 5 5 5 5 5 5 5 5 5 6 7 8 12 7 6 6 5 5 6 6 6 6 5 5 5 5 5 5 5 5 5 4 4 4 4 4 4 5 7 6 5 5 5 7 1 7 6 5 5 5 6 7 8 9 6 5 9 7 5 6 6 6 6 6 6 7 8 9 10 8 7 6 6 6 6 7 7 
5 5 5 5 5 5 5 5 5 5 5 5 5 5 5 5 5 5 5 5 5 5 5 5 5 5 5 5 5 5 5 6 7 8 8 7 7 5 5 6 6 6 6 6 6 6 5 5 5 5 5 5 5 5 4 4 4 5 5 4 5 6 7 5 5 5 6 7 1 7 6 6 5 5 5 6 8 9 6 6 7 12 7 6 6 6 6 6 6 6 6 7 7 9 9 7 6 6 6 7 
5 5 5 5 5 5 5 5 5 5 5 5 5 5 5 5 5 5 5 5 5 5 5 5 5 5 5 5 5 5 6 7 8 10 10 7 5 6 6 6 6 6 6 6 6 6 6 5 5 5 5 5 5 5 4 4 4 5 5 5 5 5 11 5 6 5 5 6 7 1 8 7 6 5 5 5 6 7 9 6 6 6 8 9 7 6 6 6 6 6 6 6 6 6 6 7 9 8 6 6 
5 5 5 5 5 5 5 5 5 5 5 5 5 5 5 5 5 5 5 5 5 5 5 5 5 5 5 5 5 6 7 8 8 7 7 5 6 6 6 6 6 6 6 6 6 6 6 6 5 5 5 5 5 5 5 4 4 5 5 5 5 5 6 6 6 6 5 5 6 8 1 8 7 6 5 6 5 6 7 12 6 6 6 7 9 8 7 6 6 6 6 6 7 7 7 6 6 6 7 10 
5 5 5 5 5 5 5 5 5 5 5 5 5 5 5 5 5 5 5 5 5 5 5 5 5 5 5 5 6 7 8 8 7 6 5 6 6 6 6 6 6 6 6 6 6 6 6 6 6 5 5 5 5 5 5 4 4 5 5 5 5 5 5 8 6 6 5 5 6 7 8 1 8 7 6 5 5 6 6 7 10 7 6 6 6 8 15 8 7 6 6 6 6 7 7 7 7 7 7 7 
5 5 5 5 5 5 5 5 5 5 5 5 5 5 5 5 5 5 5 5 5 5 5 5 5 5 5 6 7 8 10 8 6 6 6 6 6 6 6 6 6 6 6 6 6 6 6 6 6 5 5 5 5 5 5 4 5 5 5 5 5 5 5 6 5 6 6 5 5 6 7 8 1 8 7 6 6 5 6 6 6 8 7 6 6 6 7 9 10 8 7 6 6 6 6 7 7 7 7 8 
5 5 5 5 5 5 5 5 5 5 5 5 5 5 5 5 5 5 5 5 5 5 5 5 5 5 6 7 8 11 10 6 6 6 6 6 6 6 6 6 6 6 6 6 6 6 6 6 6 6 5 5 5 5 5 5 5 5 5 5 6 6 6 5 5 7 7 6 5 5 6 7 8 1 8 7 7 6 6 6 6 6 7 7 6 6 6 7 8 11 9 8 7 6 6 6 6 7 7 7 
5 5 5 5 5 5 5 5 5 5 5 5 5 5 5 5 5 5 5 5 5 5 5 5 5 6 7 8 14 7 6 6 6 6 6 6 6 6 6 6 6 6 6 6 6 6 6 6 6 6 5 5 5 5 5 5 5 5 5 5 6 6 6 6 5 9 8 7 5 5 5 6 7 8 1 8 7 7 6 6 6 6 6 7 8 6 6 6 6 7 9 10 8 7 7 6 6 6 6 7 
6 5 5 5 5 5 5 5 5 5 5 5 5 5 5 5 5 5 5 5 5 5 5 5 6 7 8 11 7 6 6 6 6 6 6 6 6 6 6 6 6 6 6 6 6 6 6 6 6 6 6 5 5 5 5 5 5 5 5 5 6 6 6 7 9 6 9 8 6 5 6 5 6 7 8 1 9 8 7 6 6 6 6 6 6 10 6 7 6 6 7 8 10 9 8 7 7 6 6 6 
6 6 5 5 5 5 5 5 5 5 5 5 5 5 5 5 5 5 5 5 5 5 5 6 7 8 10 7 6 6 6 6 6 6 6 6 6 6 6 6 6 6 6 6 6 6 6 6 6 6 6 5 5 5 5 5 5 5 5 5 6 6 6 7 11 5 6 9 8 6 5 5 6 7 7 9 1 9 8 7 6 6 6 6 6 6 9 6 7 6 6 7 8 9 11 9 8 7 6 6 
6 6 5 5 5 5 5 5 5 5 5 5 5 5 5 5 5 5 5 5 5 5 6 7 8 9 7 6 6 6 7 7 6 6 6 6 6 6 6 6 6 6 6 6 6 6 6 6 6 6 6 5 5 5 5 5 5 5 5 5 5 6 6 7 12 6 7 6 9 7 6 6 5 6 7 8 9 1 9 8 7 6 6 6 6 7 6 7 6 7 7 6 6 7 8 11 9 8 7 7 
6 6 6 5 5 5 5 5 5 5 5 5 5 5 5 5 5 5 5 5 5 6 7 8 8 9 6 6 7 7 7 7 7 7 6 6 6 6 6 6 6 6 6 6 6 6 6 6 6 6 6 6 5 5 5 5 5 5 5 5 5 6 6 7 11 6 7 5 6 9 7 6 6 6 6 7 8 9 1 9 8 7 7 6 6 6 7 7 6 6 7 7 6 6 7 8 9 11 9 8 
6 6 6 6 5 5 5 5 5 5 5 5 5 5 5 5 5 5 5 5 6 7 8 8 10 6 7 7 7 7 7 7 7 7 7 6 6 6 6 6 6 6 6 6 6 6 6 6 6 6 6 6 5 5 5 5 5 5 5 5 5 6 6 7 10 7 5 9 6 6 12 7 6 6 6 6 7 8 9 1 9 8 7 7 6 6 6 7 7 7 6 7 7 6 6 7 8 9 11 10 
6 6 6 6 6 5 5 5 5 5 5 5 5 5 5 5 5 5 5 6 7 8 10 8 6 7 7 7 7 7 7 7 7 7 7 7 6 6 6 6 6 6 6 6 6 6 6 6 6 6 6 6 5 5 5 5 5 5 5 5 5 6 6 7 9 7 6 7 7 6 6 10 6 6 6 6 6 7 8 9 1 9 8 7 7 6 6 6 7 7 7 7 8 7 6 6 6 7 8 10 
6 6 6 6 6 6 5 5 5 5 5 5 5 5 5 5 5 5 6 7 8 14 7 6 7 7 7 7 7 7 7 7 7 7 7 7 7 6 6 6 6 6 6 6 6 6 6 6 6 6 6 6 6 5 5 5 5 5 5 5 5 5 6 7 8 8 5 5 12 6 6 7 8 6 6 6 6 6 7 8 9 1 9 8 7 7 6 6 6 7 7 8 6 9 8 7 6 6 7 8 
6 6 6 6 6 6 6 5 5 5 5 5 5 5 5 5 6 6 7 8 10 7 6 7 7 7 7 7 7 7 7 7 7 7 7 7 7 7 6 6 6 6 6 6 6 6 6 6 6 6 6 6 6 5 5 5 5 5 5 5 5 5 6 7 8 9 6 6 7 8 6 6 7 7 6 6 6 6 7 7 8 9 1 9 8 7 7 6 6 6 7 7 8 10 13 8 7 6 6 7 
6 6 6 6 6 6 6 6 5 5 5 5 5 5 5 6 6 7 8 8 7 6 7 7 7 7 7 7 7 7 7 7 7 7 7 7 7 7 7 6 6 6 6 6 6 6 6 6 6 6 6 6 6 5 5 5 5 5 5 5 5 5 6 6 7 10 6 6 6 9 7 6 6 7 7 6 6 6 6 7 7 8 9 1 9 8 8 7 6 6 6 7 7 9 8 8 9 8 6 6 
6 6 6 6 6 6 6 6 6 5 5 5 5 5 6 6 7 8 12 7 7 7 7 7 7 7 7 7 7 7 7 7 7 7 7 7 7 7 7 6 6 6 6 6 6 6 6 6 6 6 6 6 6 5 5 5 5 5 5 5 5 5 5 6 7 10 7 6 6 7 9 6 6 6 8 6 6 6 6 6 7 7 8 9 1 9 8 8 7 6 6 6 7 7 9 8 6 11 8 7 
6 6 6 6 6 6 6 6 6 6 6 5 6 6 6 7 8 9 7 7 7 7 7 7 7 7 7 7 7 7 7 7 7 7 7 7 7 7 7 7 6 6 6 6 6 6 6 6 6 6 6 6 6 6 5 5 5 5 5 6 6 5 5 6 7 9 8 6 6 6 8 8 6 6 6 10 6 7 6 6 6 7 7 8 9 1 9 8 8 7 7 6 6 6 7 9 8 8 8 9 
6 6 6 6 6 6 6 6 6 6 6 6 6 6 7 8 9 7 7 7 7 7 7 7 7 7 7 7 7 7 7 7 7 7 7 7 7 7 7 7 7 6 6 6 6 6 6 6 6 6 6 6 6 6 5 5 5 5 5 6 6 6 5 6 6 8 8 6 6 6 7 15 7 6 6 6 9 6 7 6 6 6 7 8 8 9 1 9 8 8 7 7 6 6 6 7 9 8 11 7 
6 6 6 6 6 6 6 6 6 6 6 6 6 7 8 9 7 7 7 7 7 7 7 7 7 7 7 7 7 7 7 7 7 7 7 7 7 7 7 7 7 6 6 6 6 6 6 6 6 6 6 6 6 6 5 5 5 5 5 6 6 6 5 6 6 7 11 6 6 6 6 8 9 7 6 7 6 7 7 7 6 6 6 7 8 8 9 1 9 8 8 7 7 6 6 6 7 9 8 8 
6 6 6 6 6 6 6 6 6 6 6 6 7 8 12 7 7 7 7 7 7 7 7 7 7 7 7 7 7 7 7 7 7 7 7 7 7 7 7 7 7 7 6 6 6 6 6 6 6 6 6 6 6 6 5 5 5 5 5 6 6 6 6 6 6 7 9 7 6 6 6 7 10 8 6 6 7 6 6 7 7 6 6 6 7 8 8 9 1 10 9 8 7 7 6 6 6 7 9 8 
6 6 6 6 6 6 6 6 6 6 6 7 8 9 7 7 7 7 7 7 7 7 7 7 7 7 7 7 7 7 7 7 7 7 7 7 7 7 7 7 7 7 7 6 6 6 6 6 6 6 6 6 6 6 5 5 5 5 5 6 6 6 6 6 6 6 8 8 6 6 6 6 8 11 7 6 6 7 6 7 7 7 6 6 6 7 8 8 10 1 10 9 8 7 7 6 7 6 7 9 
6 6 6 6 6 6 6 6 6 6 7 8 8 7 7 7 7 7 7 7 7 7 7 7 7 7 7 7 7 7 7 7 7 7 7 7 7 7 7 7 7 7 7 6 6 6 6 6 6 6 6 6 6 6 5 5 5 5 5 6 6 6 6 6 6 6 7 9 6 6 6 6 7 9 9 7 6 7 7 6 7 7 7 6 6 7 7 8 9 10 1 10 9 8 7 7 6 7 6 7 
6 6 6 6 6 6 6 6 6 7 8 9 7 7 7 7 7 7 7 7 7 7 7 7 7 7 7 7 7 7 7 7 7 7 7 7 7 7 7 7 7 7 7 7 6 6 6 6 6 6 6 6 6 6 5 5 5 5 5 6 6 6 6 6 6 6 7 10 7 6 6 6 6 8 10 8 7 6 7 7 7 8 7 7 6 6 7 7 8 9 10 1 10 9 8 8 7 6 7 7 
6 6 6 6 6 6 6 6 7 8 10 7 7 7 7 7 7 7 7 7 7 7 7 7 7 7 7 7 7 7 7 7 7 7 7 7 7 7 7 7 7 7 7 7 6 6 6 6 6 6 6 6 6 6 6 5 5 5 5 6 6 6 6 6 6 6 6 8 7 6 7 6 6 7 8 10 8 6 6 7 8 6 8 7 7 6 6 7 7 8 9 10 1 10 9 8 8 7 6 7 
6 6 6 6 6 6 6 7 8 11 7 7 7 7 7 7 7 7 7 7 7 7 7 7 7 7 7 7 7 7 7 7 7 7 7 7 7 7 7 7 7 7 7 7 7 6 6 6 6 6 6 6 6 6 6 5 6 6 6 6 6 6 6 6 6 6 6 7 9 6 7 7 6 6 7 9 9 7 6 6 7 9 10 9 7 6 6 6 7 7 8 9 10 1 10 9 8 8 7 6 
6 6 6 6 6 6 7 8 13 7 7 7 7 7 7 7 7 7 7 7 7 7 7 7 7 7 7 7 7 7 7 7 7 7 7 7 7 7 7 7 7 7 7 7 7 6 6 6 6 6 6 6 6 6 6 5 6 6 6 6 6 6 6 6 6 6 6 6 9 6 7 7 6 6 7 8 11 8 7 6 6 8 13 8 9 7 6 6 6 7 7 8 9 10 1 10 9 8 8 7 
6 6 6 6 6 7 8 12 7 7 7 7 7 7 7 7 7 7 7 7 7 7 7 7 7 7 7 7 7 7 7 7 7 7 7 7 7 7 7 7 7 7 7 7 7 6 6 6 6 6 6 6 6 6 6 5 6 6 6 6 6 6 6 6 6 6 6 6 7 7 6 7 7 6 6 7 9 11 8 7 6 7 8 8 8 9 7 6 6 6 7 8 8 9 10 1 10 9 8 8 
6 6 6 6 7 8 11 7 7 7 7 7 7 7 7 7 7 7 7 7 7 7 7 7 7 7 7 7 7 7 7 7 7 7 7 7 7 7 7 7 7 7 7 7 7 7 6 6 6 6 6 6 6 6 6 6 6 6 6 6 6 6 6 6 6 6 6 6 6 9 6 7 7 6 6 7 8 9 9 8 6 6 7 9 6 8 9 7 6 7 6 7 8 8 9 10 1 10 9 8 
6 6 6 7 8 10 7 7 7 7 7 7 7 7 7 7 7 7 7 7 7 7 7 7 7 7 7 7 7 7 7 7 7 7 7 7 7 7 7 7 7 7 7 7 7 7 6 6 6 6 6 6 6 6 6 6 6 6 6 6 6 6 6 6 6 7 7 6 6 8 6 7 7 7 6 6 7 8 11 9 7 6 6 8 11 8 8 9 7 6 7 6 7 8 8 9 10 1 10 9 
6 6 7 8 9 7 7 7 7 7 7 7 7 7 7 7 7 7 7 7 7 7 7 7 7 7 7 7 7 7 7 7 7 7 7 7 7 7 7 7 7 7 7 7 7 7 7 6 6 6 6 6 6 6 6 6 6 6 6 6 6 6 6 6 6 7 7 7 6 6 7 7 7 7 6 6 6 7 9 11 8 7 6 6 8 8 11 8 9 7 6 7 6 7 8 8 9 10 1 10 
6 7 8 8 7 7 8 8 8 8 8 7 7 7 7 7 7 7 7 7 7 7 7 7 7 7 7 7 7 7 7 7 7 7 7 7 7 7 7 7 7 7 7 7 7 7 7 6 6 6 6 6 6 6 6 6 6 6 6 6 6 6 6 6 7 7 7 7 7 6 10 7 8 7 7 6 6 7 8 10 10 8 7 6 7 9 7 8 8 9 7 7 7 6 7 8 8 9 10 1 
